                  Temp     Hi    Low   Out    Dew  Wind  Wind   Wind    Hi    Hi   Wind   Heat    THW   THSW                Rain  Solar   Solar Hi Solar   UV    UV    Hi     Heat    Cool    In     In    In     In           Wind  Wind    ISS   Arc.
  Date    Time     Out   Temp   Temp   Hum    Pt. Speed   Dir    Run Speed   Dir  Chill  Index  Index  Index   Bar    Rain  Rate   Rad.  Energy    Rad.  Index  Dose   UV     D-D     D-D    Temp   Hum    Dew   Heat     ET   Samp   Tx   Recept  Int.
---------------------------------------------------------------------------------------------------------------------------------------------------------------------------------------------------------------------------------------------------------
 4/09/14   0:10   12.4   12.4   12.4    91   11.0   0.0   SSE   0.00   1.6   SSE   12.4   12.5   12.5    ---  1016.0  0.00   0.0     0     0.00      0     0.0  0.00   0.0   0.041   0.000   20.8    44    8.1   19.6    0.00   228    1    100.0   10 
 4/09/14   0:20   12.4   12.4   12.4    92   11.2   1.6    SE   0.27  11.3    SE   12.4   12.5   12.5    ---  1015.7  0.00   0.0     0     0.00      0     0.0  0.00   0.0   0.041   0.000   20.8    44    8.1   19.6    0.00   228    1    100.0   10 
 4/09/14   0:30   12.4   12.4   12.4    92   11.2   0.0   ---   0.00   0.0   ---   12.4   12.5   12.5    ---  1015.7  0.00   0.0     0     0.00      0     0.0  0.00   0.0   0.041   0.000   20.8    44    8.1   19.6    0.00   228    1    100.0   10 
 4/09/14   0:40   12.4   12.4   12.4    92   11.2   0.0   ---   0.00   0.0   ---   12.4   12.5   12.5    ---  1015.7  0.00   0.0     0     0.00      0     0.0  0.00   0.0   0.041   0.000   20.8    44    8.1   19.6    0.00   228    1    100.0   10 
 4/09/14   0:50   12.4   12.4   12.4    92   11.2   0.0   ---   0.00   0.0   ---   12.4   12.5   12.5    ---  1015.6  0.00   0.0     0     0.00      0     0.0  0.00   0.0   0.041   0.000   20.8    44    8.1   19.6    0.00   228    1    100.0   10 
 4/09/14   1:00   12.4   12.4   12.4    92   11.2   0.0   ---   0.00   0.0   ---   12.4   12.5   12.5    ---  1015.8  0.00   0.0     0     0.00      0     0.0  0.00   0.0   0.041   0.000   20.8    44    8.1   19.6    0.00   227    1     99.6   10 
 4/09/14   1:10   12.4   12.4   12.4    92   11.2   0.0   ---   0.00   0.0   ---   12.4   12.5   12.5    ---  1015.8  0.00   0.0     0     0.00      0     0.0  0.00   0.0   0.041   0.000   20.7    44    8.0   19.5    0.00   228    1    100.0   10 
 4/09/14   1:20   12.4   12.4   12.4    93   11.3   0.0   ---   0.00   0.0   ---   12.4   12.6   12.6    ---  1016.0  0.00   0.0     0     0.00      0     0.0  0.00   0.0   0.041   0.000   20.7    44    8.0   19.5    0.00   228    1    100.0   10 
 4/09/14   1:30   12.3   12.4   12.3    93   11.2   0.0   ---   0.00   0.0   ---   12.3   12.4   12.4    ---  1015.8  0.00   0.0     0     0.00      0     0.0  0.00   0.0   0.042   0.000   20.6    45    8.2   19.5    0.00   228    1    100.0   10 
 4/09/14   1:40   12.3   12.3   12.3    94   11.3   0.0   ---   0.00   0.0   ---   12.3   12.4   12.4    ---  1015.8  0.00   0.0     0     0.00      0     0.0  0.00   0.0   0.042   0.000   20.6    45    8.2   19.5    0.00   228    1    100.0   10 
 4/09/14   1:50   12.2   12.3   12.2    95   11.4   0.0   ---   0.00   0.0   ---   12.2   12.3   12.3    ---  1015.6  0.00   0.0     0     0.00      0     0.0  0.00   0.0   0.043   0.000   20.6    45    8.2   19.5    0.00   228    1    100.0   10 
 4/09/14   2:00   12.2   12.2   12.2    95   11.4   0.0   ---   0.00   0.0   ---   12.2   12.3   12.3    ---  1015.6  0.00   0.0     0     0.00      0     0.0  0.00   0.0   0.043   0.000   20.6    45    8.2   19.5    0.00   228    1    100.0   10 
 4/09/14   2:10   12.2   12.2   12.2    96   11.5   0.0   ---   0.00   0.0   ---   12.2   12.3   12.3    ---  1015.6  0.00   0.0     0     0.00      0     0.0  0.00   0.0   0.043   0.000   20.6    45    8.2   19.5    0.00   228    1    100.0   10 
 4/09/14   2:20   12.2   12.2   12.1    96   11.5   0.0   ---   0.00   0.0   ---   12.2   12.3   12.3    ---  1015.5  0.00   0.0     0     0.00      0     0.0  0.00   0.0   0.043   0.000   20.6    45    8.2   19.5    0.00   228    1    100.0   10 
 4/09/14   2:30   12.1   12.2   12.1    97   11.6   0.0   ESE   0.00   4.8   ESE   12.1   12.3   12.3    ---  1015.5  0.00   0.0     0     0.00      0     0.0  0.00   0.0   0.043   0.000   20.5    45    8.2   19.4    0.00   228    1    100.0   10 
 4/09/14   2:40   12.1   12.1   12.1    97   11.6   0.0   ---   0.00   0.0   ---   12.1   12.3   12.3    ---  1015.5  0.00   0.0     0     0.00      0     0.0  0.00   0.0   0.043   0.000   20.5    45    8.2   19.4    0.00   227    1     99.6   10 
 4/09/14   2:50   12.1   12.1   12.1    97   11.6   0.0   ---   0.00   0.0   ---   12.1   12.3   12.3    ---  1015.6  0.00   0.0     0     0.00      0     0.0  0.00   0.0   0.043   0.000   20.5    45    8.2   19.4    0.00   228    1    100.0   10 
 4/09/14   3:00   12.1   12.1   12.1    98   11.8   0.0   ---   0.00   0.0   ---   12.1   12.3   12.3    ---  1015.4  0.00   0.0     0     0.00      0     0.0  0.00   0.0   0.043   0.000   20.4    45    8.1   19.3    0.00   228    1    100.0   10 
 4/09/14   3:10   12.1   12.1   12.1    98   11.8   0.0   ---   0.00   0.0   ---   12.1   12.3   12.3    ---  1015.4  0.00   0.0     0     0.00      0     0.0  0.00   0.0   0.043   0.000   20.4    45    8.1   19.3    0.00   228    1    100.0   10 
 4/09/14   3:20   12.1   12.1   12.0    98   11.8   0.0   ---   0.00   0.0   ---   12.1   12.3   12.3    ---  1014.9  0.00   0.0     0     0.00      0     0.0  0.00   0.0   0.043   0.000   20.4    45    8.1   19.3    0.00   227    1     99.6   10 
 4/09/14   3:30   12.0   12.1   12.0    99   11.8   0.0   ---   0.00   0.0   ---   12.0   12.2   12.2    ---  1014.7  0.00   0.0     0     0.00      0     0.0  0.00   0.0   0.044   0.000   20.3    45    8.0   19.2    0.00   228    1    100.0   10 
 4/09/14   3:40   12.0   12.0   12.0    99   11.8   0.0   ---   0.00   0.0   ---   12.0   12.2   12.2    ---  1014.7  0.00   0.0     0     0.00      0     0.0  0.00   0.0   0.044   0.000   20.3    45    8.0   19.2    0.00   228    1    100.0   10 
 4/09/14   3:50   12.0   12.0   12.0    99   11.8   0.0   ---   0.00   0.0   ---   12.0   12.2   12.2    ---  1014.6  0.00   0.0     0     0.00      0     0.0  0.00   0.0   0.044   0.000   20.3    45    8.0   19.2    0.00   228    1    100.0   10 
 4/09/14   4:00   12.0   12.0   12.0    99   11.8   0.0   ---   0.00   0.0   ---   12.0   12.2   12.2    ---  1014.4  0.00   0.0     0     0.00      0     0.0  0.00   0.0   0.044   0.000   20.3    46    8.3   19.3    0.00   228    1    100.0   10 
 4/09/14   4:10   12.0   12.0   12.0    99   11.8   1.6   SSE   0.27  11.3   SSE   12.0   12.2   12.2    ---  1014.4  0.00   0.0     0     0.00      0     0.0  0.00   0.0   0.044   0.000   20.3    46    8.3   19.3    0.00   228    1    100.0   10 
 4/09/14   4:20   11.9   12.0   11.9    99   11.8   4.8   SSE   0.80  20.9   SSE   11.9   12.2   12.2    ---  1014.4  0.00   0.0     0     0.00      0     0.0  0.00   0.0   0.044   0.000   20.3    46    8.3   19.3    0.00   228    1    100.0   10 
 4/09/14   4:30   11.8   11.8   11.8    99   11.7   9.7   SSE   1.61  17.7   SSE   10.9   12.1   11.1    ---  1014.0  0.00   0.0     0     0.00      0     0.0  0.00   0.0   0.045   0.000   20.2    46    8.2   19.3    0.00   228    1    100.0   10 
 4/09/14   4:40   11.8   11.8   11.8    99   11.7   8.0    SE   1.34  19.3    SE   11.2   12.1   11.4    ---  1014.0  0.00   0.0     0     0.00      0     0.0  0.00   0.0   0.045   0.000   20.2    46    8.2   19.3    0.00   228    1    100.0   10 
 4/09/14   4:50   11.8   11.8   11.8    99   11.6   1.6    SE   0.27  17.7   SSE   11.8   12.0   12.0    ---  1014.3  0.00   0.0     0     0.00      0     0.0  0.00   0.0   0.046   0.000   20.2    46    8.2   19.3    0.00   228    1    100.0   10 
 4/09/14   5:00   11.8   11.8   11.8    99   11.6   4.8    SE   0.80  16.1    SE   11.8   12.0   12.0    ---  1014.3  0.00   0.0     0     0.00      0     0.0  0.00   0.0   0.046   0.000   20.1    46    8.1   19.2    0.00   228    1    100.0   10 
 4/09/14   5:10   11.8   11.8   11.8    99   11.6   6.4    SE   1.07  17.7   SSE   11.4   12.0   11.6    ---  1014.3  0.00   0.0     0     0.00      0     0.0  0.00   0.0   0.046   0.000   20.1    46    8.1   19.2    0.00   227    1     99.6   10 
 4/09/14   5:20   11.8   11.8   11.8    99   11.6   9.7    SE   1.61  20.9   SSE   10.8   12.0   11.0    ---  1014.2  0.00   0.0     0     0.00      0     0.0  0.00   0.0   0.046   0.000   20.1    46    8.1   19.2    0.00   227    1     99.6   10 
 4/09/14   5:30   11.8   11.8   11.8    99   11.6   8.0    SE   1.34  19.3    SE   11.1   12.0   11.3    ---  1014.2  0.00   0.0     0     0.00      0     0.0  0.00   0.0   0.046   0.000   20.1    46    8.1   19.2    0.00   228    1    100.0   10 
 4/09/14   5:40   11.8   11.8   11.8    99   11.6   4.8    SE   0.80  16.1   SSE   11.8   12.0   12.0    ---  1014.2  0.00   0.0     0     0.00      0     0.0  0.00   0.0   0.046   0.000   20.1    46    8.1   19.2    0.00   227    1     99.6   10 
 4/09/14   5:50   11.8   11.8   11.8    99   11.6   4.8    SE   0.80  19.3   SSE   11.8   12.0   12.0    ---  1014.1  0.00   0.0     0     0.00      0     0.0  0.00   0.0   0.046   0.000   20.0    46    8.0   19.1    0.00   228    1    100.0   10 
 4/09/14   6:00   11.8   11.8   11.8    99   11.6   3.2    SE   0.54  14.5    SE   11.8   12.0   12.0    ---  1014.4  0.00   0.0     0     0.00      0     0.0  0.00   0.0   0.046   0.000   20.0    46    8.0   19.1    0.00   228    1    100.0   10 
 4/09/14   6:10   11.8   11.8   11.8    99   11.6   0.0   ---   0.00   0.0   ---   11.8   12.0   12.0    ---  1014.4  0.00   0.0     0     0.00      0     0.0  0.00   0.0   0.046   0.000   19.9    46    8.0   19.0    0.00   228    1    100.0   10 
 4/09/14   6:20   11.8   11.8   11.8    98   11.5   9.7    SE   1.61  25.7     N   10.9   12.0   11.1    ---  1014.2  0.00   0.0     0     0.00      0     0.0  0.00   0.0   0.045   0.000   19.9    46    8.0   19.0    0.00   228    1    100.0   10 
 4/09/14   6:30   11.8   11.8   11.8    98   11.5  12.9    SE   2.15  20.9   SSE   10.3   12.0   10.4    ---  1014.5  0.00   0.0     0     0.00      0     0.0  0.00   0.0   0.045   0.000   19.8    47    8.2   18.9    0.00   228    1    100.0   10 
 4/09/14   6:40   11.8   11.8   11.8    98   11.5  11.3    SE   1.88  20.9    SE   10.7   12.0   10.8    ---  1014.5  0.00   0.0     0     0.00      0     0.0  0.00   0.0   0.045   0.000   19.8    46    7.9   18.9    0.00   228    1    100.0   10 
 4/09/14   6:50   11.8   11.8   11.8    97   11.4   6.4    SE   1.07  17.7    SE   11.5   12.0   11.7    ---  1014.4  0.00   0.0     0     0.00      0     0.0  0.00   0.0   0.045   0.000   19.8    46    7.9   18.9    0.00   227    1     99.6   10 
 4/09/14   7:00   11.8   11.8   11.8    97   11.4   0.0   ---   0.00   0.0   ---   11.8   12.0   12.0    ---  1014.3  0.00   0.0     0     0.00      0     0.0  0.00   0.0   0.045   0.000   19.8    46    7.9   18.9    0.00   228    1    100.0   10 
 4/09/14   7:10   11.8   11.8   11.8    97   11.3   1.6    SE   0.27  19.3   SSE   11.8   11.9   11.9    ---  1014.3  0.00   0.0     0     0.00      0     0.0  0.00   0.0   0.046   0.000   19.8    46    7.9   18.9    0.00   228    1    100.0   10 
 4/09/14   7:20   11.8   11.8   11.8    97   11.3   4.8    SE   0.80  16.1    SE   11.8   11.9   11.9    ---  1014.2  0.00   0.0     0     0.00      0     0.0  0.00   0.0   0.046   0.000   19.8    46    7.9   18.9    0.00   228    1    100.0   10 
 4/09/14   7:30   11.8   11.8   11.8    97   11.4   4.8   ESE   0.80  17.7    SE   11.8   12.0   12.0    ---  1014.6  0.00   0.0     0     0.00      0     0.0  0.00   0.0   0.045   0.000   19.7    46    7.8   18.7    0.00   228    1    100.0   10 
 4/09/14   7:40   11.8   11.8   11.8    97   11.4   0.0   ESE   0.00   9.7   ESE   11.8   12.0   12.0    ---  1014.6  0.00   0.0     0     0.00      0     0.0  0.00   0.0   0.045   0.000   19.7    46    7.8   18.7    0.00   227    1     99.6   10 
 4/09/14   7:50   11.8   11.8   11.8    97   11.3   0.0   ---   0.00   0.0   ---   11.8   11.9   11.9    ---  1014.6  0.20   0.0     0     0.00      0     0.0  0.00   0.0   0.046   0.000   19.7    46    7.8   18.7    0.00   228    1    100.0   10 
 4/09/14   8:00   11.8   11.8   11.8    97   11.3   0.0     S   0.00   1.6     S   11.8   11.9   11.9    ---  1014.5  0.00   0.0     0     0.00      0     0.0  0.00   0.0   0.046   0.000   19.7    46    7.8   18.7    0.00   228    1    100.0   10 
 4/09/14   8:10   11.7   11.8   11.7    97   11.3   3.2   SSE   0.54  16.1   SSE   11.7   11.9   11.9    ---  1014.5  0.00   0.0     0     0.00      0     0.0  0.00   0.0   0.046   0.000   19.8    47    8.2   18.9    0.00   228    1    100.0   10 
 4/09/14   8:20   11.7   11.7   11.7    97   11.3  11.3    SE   1.88  19.3    SE   10.5   11.9   10.7    ---  1014.3  0.00   0.0     0     0.00      0     0.0  0.00   0.0   0.046   0.000   20.2    48    8.9   19.4    0.00   228    1    100.0   10 
 4/09/14   8:30   11.6   11.7   11.6    97   11.2   8.0    SE   1.34  20.9    SE   10.9   11.8   11.1    ---  1014.3  0.00   0.0     0     0.00      0     0.0  0.00   0.0   0.047   0.000   20.5    48    9.1   19.6    0.00   227    1     99.6   10 
 4/09/14   8:40   11.6   11.6   11.6    97   11.2   8.0    SE   1.34  20.9    SE   10.9   11.8   11.1    ---  1014.3  0.00   0.0     0     0.00      0     0.0  0.00   0.0   0.047   0.000   20.9    48    9.5   19.9    0.00   228    1    100.0   10 
 4/09/14   8:50   11.6   11.6   11.6    97   11.2  11.3    SE   1.88  20.9    SE   10.4   11.8   10.6    ---  1014.2  0.00   0.0     4     0.06      7     0.0  0.00   0.0   0.047   0.000   21.3    48    9.9   20.3    0.00   227    1     99.6   10 
 4/09/14   9:00   11.6   11.6   11.6    97   11.2   8.0    SE   1.34  20.9    SE   10.9   11.8   11.1    ---  1014.2  0.00   0.0     7     0.10      9     0.0  0.00   0.0   0.047   0.000   21.5    48   10.0   20.6    0.00   227    1     99.6   10 
 4/09/14   9:10   11.7   11.7   11.6    97   11.3  12.9   SSE   2.15  29.0   SSE   10.1   11.9   10.3    ---  1014.2  0.00   0.0    26     0.37     33     0.0  0.00   0.0   0.046   0.000   21.8    47   10.0   20.9    0.00   228    1    100.0   10 
 4/09/14   9:20   11.7   11.8   11.7    97   11.3   9.7   SSE   1.61  25.7   SSE   10.7   11.9   10.9    ---  1014.0  0.00   0.0    25     0.36     33     0.0  0.00   0.0   0.046   0.000   22.0    47   10.2   21.2    0.00   228    1    100.0   10 
 4/09/14   9:30   11.7   11.8   11.7    97   11.3  11.3    SE   1.88  22.5     S   10.5   11.9   10.7    ---  1013.8  0.00   0.0    14     0.20     19     0.0  0.00   0.0   0.046   0.000   22.1    46    9.9   21.3    0.00   228    1    100.0   10 
 4/09/14   9:40   11.8   11.8   11.7    96   11.2   8.0   SSE   1.34  24.1    SE   11.1   11.9   11.2    ---  1013.8  0.00   0.0    11     0.16     12     0.0  0.00   0.0   0.046   0.000   22.2    45    9.7   21.4    0.00   227    1     99.6   10 
 4/09/14   9:50   11.8   11.8   11.8    96   11.2  12.9    SE   2.15  27.4    SE   10.2   11.9   10.3    ---  1014.1  0.00   0.0    14     0.20     21     0.0  0.00   0.0   0.046   0.000   22.3    45    9.8   21.5    0.00   226    1     99.1   10 
 4/09/14  10:00   11.8   11.8   11.8    97   11.4   9.7    SE   1.61  22.5   SSE   10.9   12.0   11.1    ---  1014.1  0.00   0.0    42     0.60     67     0.1  0.01   0.6   0.045   0.000   22.3    45    9.8   21.5    0.03   227    1     99.6   10 
 4/09/14  10:10   11.9   11.9   11.8    97   11.5   9.7    SE   1.61  19.3   SSE   11.0   12.1   11.2    ---  1014.1  0.00   0.0    62     0.89     67     0.6  0.04   0.6   0.044   0.000   22.4    45    9.9   21.7    0.00   228    1    100.0   10 
 4/09/14  10:20   11.8   11.9   11.8    97   11.4  14.5    SE   2.41  25.7   SSE    9.9   12.0   10.1    ---  1013.8  0.00   0.0    52     0.75     63     0.6  0.04   0.7   0.045   0.000   22.4    45    9.9   21.8    0.00   227    1     99.6   10 
 4/09/14  10:30   11.8   11.8   11.8    97   11.3  16.1    SE   2.68  29.0   SSE    9.4   11.9    9.6    ---  1013.2  0.00   0.0    57     0.82     79     0.7  0.05   0.8   0.046   0.000   22.6    45   10.0   21.9    0.00   227    1     99.6   10 
 4/09/14  10:40   11.9   11.9   11.8    98   11.6  16.1   SSE   2.68  27.4   SSE    9.7   12.1    9.8    ---  1013.2  0.00   0.0    94     1.35    104     0.9  0.06   0.9   0.044   0.000   22.7    45   10.1   22.1    0.00   228    1    100.0   10 
 4/09/14  10:50   12.0   12.0   11.9    97   11.5  12.9    SE   2.15  24.1    SE   10.4   12.2   10.6    ---  1013.1  0.00   0.0    57     0.82     83     0.7  0.05   0.8   0.044   0.000   22.8    45   10.3   22.3    0.00   228    1    100.0   10 
 4/09/14  11:00   12.0   12.0   12.0    97   11.5  12.9    SE   2.15  22.5   SSE   10.4   12.2   10.6    ---  1013.1  0.00   0.0    42     0.60     49     0.6  0.04   0.6   0.044   0.000   22.8    44    9.9   22.3    0.03   228    1    100.0   10 
 4/09/14  11:10   12.1   12.1   11.9    97   11.6  14.5   SSE   2.41  30.6   SSE   10.2   12.3   10.4    ---  1013.1  0.00   0.0    57     0.82     63     0.7  0.05   0.8   0.043   0.000   22.8    44    9.9   22.3    0.00   228    1    100.0   10 
 4/09/14  11:20   12.1   12.1   12.0    96   11.5  12.9   SSE   2.15  27.4   SSE   10.6   12.3   10.8    ---  1012.9  0.00   0.0    61     0.87     67     0.8  0.06   0.8   0.043   0.000   22.8    44    9.9   22.3    0.00   227    1     99.6   10 
 4/09/14  11:30   12.0   12.1   12.0    96   11.4  16.1    SE   2.68  29.0    SE    9.7   12.2    9.9    ---  1012.9  0.00   0.0    43     0.62     55     0.7  0.05   0.7   0.044   0.000   22.9    44   10.0   22.4    0.00   228    1    100.0   10 
 4/09/14  11:40   12.0   12.0   12.0    96   11.4  11.3    SE   1.88  27.4   SSE   10.8   12.2   11.0    ---  1012.9  0.00   0.0    33     0.47     35     0.6  0.04   0.6   0.044   0.000   23.1    44   10.2   22.7    0.00   228    1    100.0   10 
 4/09/14  11:50   12.1   12.1   12.0    95   11.3   9.7   SSE   1.61  22.5   SSE   11.2   12.2   11.3    ---  1012.5  0.00   0.0    34     0.49     37     0.3  0.02   0.6   0.043   0.000   23.2    44   10.3   22.8    0.00   228    1    100.0   10 
 4/09/14  12:00   12.1   12.1   12.1    95   11.3   8.0    SE   1.34  17.7   SSE   11.5   12.2   11.6    ---  1012.6  0.00   0.0    25     0.36     30     0.0  0.00   0.0   0.043   0.000   23.4    44   10.5   23.1    0.03   228    1    100.0   10 
 4/09/14  12:10   12.0   12.1   12.0    94   11.1  11.3    SE   1.88  20.9   SSE   10.8   12.1   10.9    ---  1012.6  0.00   0.0    27     0.39     35     0.0  0.00   0.0   0.044   0.000   23.5    43   10.2   23.1    0.00   228    1    100.0   10 
 4/09/14  12:20   12.0   12.0   12.0    94   11.1  14.5    SE   2.41  27.4     S   10.1   12.1   10.2    ---  1012.3  0.20   0.0    36     0.52     39     0.0  0.00   0.0   0.044   0.000   23.6    43   10.3   23.3    0.00   228    1    100.0   10 
 4/09/14  12:30   11.8   12.0   11.8    95   11.1  14.5    SE   2.41  27.4    SE    9.9   12.0   10.1    ---  1012.3  0.00   0.0    26     0.37     32     0.0  0.00   0.0   0.045   0.000   23.5    43   10.2   23.1    0.00   228    1    100.0   10 
 4/09/14  12:40   11.8   11.8   11.8    95   11.1  11.3    SE   1.88  29.0    SE   10.7   12.0   10.8    ---  1012.3  0.00   0.0    22     0.32     25     0.0  0.00   0.0   0.045   0.000   23.6    43   10.3   23.3    0.00   228    1    100.0   10 
 4/09/14  12:50   11.8   11.8   11.8    95   11.1   8.0    SE   1.34  19.3    SE   11.2   12.0   11.3    ---  1012.1  0.00   0.0    22     0.32     23     0.0  0.00   0.0   0.045   0.000   23.6    43   10.3   23.3    0.00   228    1    100.0   10 
 4/09/14  13:00   11.8   11.8   11.8    96   11.2  12.9    SE   2.15  27.4    SE   10.3   12.0   10.4    ---  1011.5  0.00   0.0    27     0.39     39     0.0  0.00   0.0   0.045   0.000   22.9    42    9.3   22.4    0.03   228    1    100.0   10 
 4/09/14  13:10   11.9   11.9   11.8    96   11.3   6.4    SE   1.07  19.3    SE   11.6   12.1   11.8    ---  1011.5  0.00   0.0    39     0.56     40     0.0  0.00   0.0   0.044   0.000   22.8    43    9.5   22.2    0.00   228    1    100.0   10 
 4/09/14  13:20   12.0   12.0   11.9    96   11.4   0.0    SE   0.00  12.9   ESE   12.0   12.2   12.2    ---  1012.0  0.00   0.0    34     0.49     37     0.0  0.00   0.0   0.044   0.000   22.8    43    9.5   22.2    0.00   228    1    100.0   10 
 4/09/14  13:30   11.9   12.0   11.9    96   11.3   1.6    SE   0.27  12.9    SE   11.9   12.1   12.1    ---  1012.2  0.00   0.0    19     0.27     21     0.0  0.00   0.0   0.044   0.000   22.6    43    9.3   21.8    0.00   227    1     99.6   10 
 4/09/14  13:40   12.0   12.0   11.9    96   11.4   4.8    SE   0.80  17.7    SE   12.0   12.2   12.2    ---  1012.2  0.20   0.0    33     0.47     39     0.0  0.00   0.0   0.044   0.000   22.0    44    9.2   21.1    0.00   228    1    100.0   10 
 4/09/14  13:50   12.1   12.1   12.0    96   11.5   9.7    SE   1.61  19.3   SSE   11.2   12.3   11.4    ---  1011.7  0.00   0.0    38     0.54     40     0.0  0.00   0.0   0.043   0.000   21.5    45    9.1   20.4    0.00   228    1    100.0   10 
 4/09/14  14:00   12.2   12.2   12.1    96   11.5  11.3    SE   1.88  20.9   SSE   11.1   12.3   11.2    ---  1011.8  0.00   0.0    36     0.52     40     0.0  0.00   0.0   0.043   0.000   20.1    48    8.8   19.3    0.03   228    1    100.0   10 
 4/09/14  14:10   12.2   12.2   12.2    96   11.5   6.4    SE   1.07  19.3   SSE   11.9   12.3   12.0    ---  1011.8  0.00   0.0    28     0.40     32     0.0  0.00   0.0   0.043   0.000   19.6    50    8.8   18.8    0.00   228    1    100.0   10 
 4/09/14  14:20   12.3   12.3   12.2    96   11.7   6.4    SE   1.07  17.7    SE   12.0   12.4   12.1    ---  1011.1  0.00   0.0    25     0.36     26     0.0  0.00   0.0   0.042   0.000   20.2    50    9.5   19.5    0.00   228    1    100.0   10 
 4/09/14  14:30   12.3   12.3   12.3    95   11.6   3.2   SSE   0.54  20.9   SSE   12.3   12.4   12.4    ---  1011.1  0.00   0.0    24     0.34     26     0.0  0.00   0.0   0.042   0.000   20.6    48    9.2   19.7    0.00   228    1    100.0   10 
 4/09/14  14:40   12.4   12.4   12.3    95   11.7   1.6   ESE   0.27  12.9    SE   12.4   12.6   12.6    ---  1011.1  0.00   0.0    28     0.40     32     0.0  0.00   0.0   0.041   0.000   20.8    48    9.4   19.8    0.00   228    1    100.0   10 
 4/09/14  14:50   12.6   12.6   12.4    95   11.8   1.6    SE   0.27  17.7   SSE   12.6   12.7   12.7    ---  1011.0  0.00   0.0    34     0.49     37     0.0  0.00   0.0   0.040   0.000   20.9    47    9.2   19.9    0.00   228    1    100.0   10 
 4/09/14  15:00   12.7   12.7   12.6    94   11.7   4.8    SE   0.80  17.7   SSE   12.7   12.8   12.8    ---  1010.8  0.00   0.0    42     0.60     46     0.0  0.00   0.0   0.039   0.000   21.1    47    9.3   19.9    0.03   227    1     99.6   10 
 4/09/14  15:10   12.8   12.8   12.7    94   11.8   3.2   SSE   0.54  17.7    SE   12.8   12.9   12.9    ---  1010.8  0.00   0.0    51     0.73     51     0.0  0.00   0.0   0.039   0.000   21.1    47    9.3   19.9    0.00   228    1    100.0   10 
 4/09/14  15:20   12.8   12.8   12.8    94   11.9   0.0   ---   0.00   0.0   ---   12.8   12.9   12.9    ---  1010.6  0.00   0.0    68     0.97     84     0.6  0.04   0.9   0.038   0.000   21.2    47    9.4   20.1    0.00   228    1    100.0   10 
 4/09/14  15:30   13.0   13.0   12.8    94   12.1   1.6    SE   0.27  12.9   SSE   13.0   13.1   13.1    ---  1010.3  0.00   0.0    84     1.20     91     0.9  0.06   1.0   0.037   0.000   21.2    47    9.4   20.1    0.00   228    1    100.0   10 
 4/09/14  15:40   12.8   12.9   12.8    93   11.7   1.6   SSE   0.27  12.9   SSE   12.8   12.9   12.9    ---  1010.3  0.00   0.0    62     0.89     70     0.8  0.06   0.9   0.038   0.000   21.3    48    9.9   20.3    0.00   227    1     99.6   10 
 4/09/14  15:50   13.0   13.0   12.8    93   11.9   0.0   ---   0.00   0.0   ---   13.0   13.1   13.1    ---  1010.5  0.00   0.0    62     0.89     65     0.8  0.06   0.8   0.037   0.000   21.4    48   10.0   20.5    0.00   228    1    100.0   10 
 4/09/14  16:00   13.1   13.1   13.0    93   12.0   0.0   ---   0.00   0.0   ---   13.1   13.2   13.2    ---  1010.5  0.00   0.0    62     0.89     65     0.8  0.06   0.8   0.036   0.000   21.7    48   10.2   20.8    0.03   228    1    100.0   10 
 4/09/14  16:10   13.3   13.3   13.1    93   12.2   0.0   ---   0.00   0.0   ---   13.3   13.4   13.4    ---  1010.5  0.00   0.0    64     0.92     67     0.8  0.06   0.8   0.035   0.000   21.7    48   10.2   20.8    0.00   228    1    100.0   10 
 4/09/14  16:20   13.3   13.3   13.3    92   12.1   0.0   ---   0.00   0.0   ---   13.3   13.4   13.4    ---  1010.5  0.00   0.0    58     0.83     62     0.7  0.05   0.7   0.035   0.000   22.0    49   10.8   21.3    0.00   228    1    100.0   10 
 4/09/14  16:30   13.4   13.4   13.3    92   12.2   0.0    SE   0.00   6.4    SE   13.4   13.5   13.5    ---  1010.6  0.00   0.0    60     0.86     67     0.6  0.04   0.6   0.034   0.000   22.4    48   10.9   21.9    0.00   226    1     99.1   10 
 4/09/14  16:40   13.6   13.6   13.3    92   12.3   0.0    SE   0.00   8.0    SE   13.6   13.7   13.7    ---  1010.6  0.00   0.0    63     0.90     65     0.7  0.05   0.7   0.033   0.000   22.7    48   11.1   22.3    0.00   228    1    100.0   10 
 4/09/14  16:50   13.7   13.7   13.6    92   12.4   0.0   ---   0.00   0.0   ---   13.7   13.7   13.7    ---  1010.6  0.00   0.0    58     0.83     63     0.6  0.04   0.7   0.032   0.000   22.8    47   10.9   22.4    0.00   228    1    100.0   10 
 4/09/14  17:00   13.7   13.7   13.7    92   12.4   0.0   ---   0.00   0.0   ---   13.7   13.8   13.8    ---  1010.7  0.00   0.0    51     0.73     58     0.6  0.04   0.6   0.032   0.000   22.8    46   10.6   22.4    0.03   227    1     99.6   10 
 4/09/14  17:10   13.7   13.7   13.7    92   12.4   0.0   ---   0.00   0.0   ---   13.7   13.7   13.7    ---  1010.7  0.00   0.0    49     0.70     53     0.4  0.03   0.6   0.032   0.000   22.9    46   10.7   22.6    0.00   228    1    100.0   10 
 4/09/14  17:20   13.7   13.7   13.7    92   12.4   0.0   ---   0.00   0.0   ---   13.7   13.8   13.8    ---  1010.9  0.00   0.0    37     0.53     44     0.0  0.00   0.0   0.032   0.000   22.9    46   10.7   22.6    0.00   228    1    100.0   10 
 4/09/14  17:30   13.7   13.7   13.7    92   12.4   0.0   ---   0.00   0.0   ---   13.7   13.7   13.7    ---  1010.9  0.00   0.0    29     0.42     30     0.0  0.00   0.0   0.032   0.000   22.9    45   10.4   22.5    0.00   228    1    100.0   10 
 4/09/14  17:40   13.6   13.7   13.6    93   12.5   0.0   ---   0.00   0.0   ---   13.6   13.7   13.7    ---  1010.9  0.00   0.0    37     0.53     39     0.0  0.00   0.0   0.033   0.000   23.1    45   10.5   22.7    0.00   227    1     99.6   10 
 4/09/14  17:50   13.6   13.7   13.6    94   12.7   0.0   ---   0.00   0.0   ---   13.6   13.7   13.7    ---  1011.0  0.00   0.0    38     0.54     40     0.0  0.00   0.0   0.033   0.000   23.1    45   10.5   22.7    0.00   228    1    100.0   10 
 4/09/14  18:00   13.7   13.7   13.6    94   12.7   0.0   ---   0.00   0.0   ---   13.7   13.8   13.8    ---  1011.3  0.00   0.0    46     0.66     51     0.0  0.00   0.0   0.032   0.000   23.1    45   10.5   22.7    0.03   228    1    100.0   10 
 4/09/14  18:10   13.7   13.7   13.7    95   12.9   0.0   ---   0.00   0.0   ---   13.7   13.8   13.8    ---  1011.3  0.00   0.0    35     0.50     46     0.0  0.00   0.0   0.032   0.000   22.9    45   10.4   22.5    0.00   228    1    100.0   10 
 4/09/14  18:20   13.7   13.7   13.7    95   12.9   0.0   ---   0.00   0.0   ---   13.7   13.8   13.8    ---  1011.4  0.00   0.0    22     0.32     28     0.0  0.00   0.0   0.032   0.000   22.9    45   10.4   22.5    0.00   227    1     99.6   10 
 4/09/14  18:30   13.6   13.7   13.6    96   13.0   0.0    NW   0.00   9.7    NW   13.6   13.7   13.7    ---  1011.3  0.00   0.0    17     0.24     18     0.0  0.00   0.0   0.033   0.000   22.9    45   10.4   22.5    0.00   228    1    100.0   10 
 4/09/14  18:40   13.3   13.6   13.3    96   12.7   6.4    NW   1.07  11.3    NW   13.2   13.4   13.3    ---  1011.3  0.00   0.0    11     0.16     12     0.0  0.00   0.0   0.035   0.000   22.9    45   10.4   22.5    0.00   228    1    100.0   10 
 4/09/14  18:50   13.3   13.3   13.3    96   12.7   3.2   WNW   0.54   8.0   WNW   13.3   13.4   13.4    ---  1011.4  0.00   0.0    10     0.14     11     0.0  0.00   0.0   0.035   0.000   22.9    46   10.7   22.6    0.00   228    1    100.0   10 
 4/09/14  19:00   13.2   13.3   13.2    97   12.7   1.6   WNW   0.27   4.8   WNW   13.2   13.3   13.3    ---  1011.5  0.00   0.0     7     0.10      9     0.0  0.00   0.0   0.036   0.000   23.1    46   10.8   22.7    0.00   227    1     99.6   10 
 4/09/14  19:10   13.2   13.2   13.2    97   12.7   0.0   WNW   0.00   1.6   WNW   13.2   13.3   13.3    ---  1011.5  0.00   0.0     0     0.00      0     0.0  0.00   0.0   0.036   0.000   23.1    46   10.9   22.7    0.00   228    1    100.0   10 
 4/09/14  19:20   13.2   13.2   13.2    97   12.7   0.0   ---   0.00   0.0   ---   13.2   13.3   13.3    ---  1011.7  0.00   0.0     0     0.00      0     0.0  0.00   0.0   0.036   0.000   23.1    46   10.9   22.7    0.00   228    1    100.0   10 
 4/09/14  19:30   13.1   13.2   13.1    97   12.6   0.0   ---   0.00   0.0   ---   13.1   13.3   13.3    ---  1011.9  0.00   0.0     0     0.00      0     0.0  0.00   0.0   0.036   0.000   23.2    45   10.6   22.8    0.00   228    1    100.0   10 
 4/09/14  19:40   13.1   13.1   13.1    98   12.8   0.0   ---   0.00   0.0   ---   13.1   13.3   13.3    ---  1011.9  0.00   0.0     0     0.00      0     0.0  0.00   0.0   0.036   0.000   23.2    45   10.6   22.8    0.00   228    1    100.0   10 
 4/09/14  19:50   13.1   13.1   13.1    98   12.8   0.0   ---   0.00   0.0   ---   13.1   13.3   13.3    ---  1011.8  0.00   0.0     0     0.00      0     0.0  0.00   0.0   0.036   0.000   23.2    45   10.6   22.8    0.00   226    1     99.1   10 
 4/09/14  20:00   13.0   13.1   13.0    98   12.7   0.0   ---   0.00   0.0   ---   13.0   13.2   13.2    ---  1012.2  0.00   0.0     0     0.00      0     0.0  0.00   0.0   0.037   0.000   23.2    45   10.6   22.8    0.00   228    1    100.0   10 
 4/09/14  20:10   13.0   13.0   13.0    98   12.7   0.0   ---   0.00   0.0   ---   13.0   13.2   13.2    ---  1012.2  0.00   0.0     0     0.00      0     0.0  0.00   0.0   0.037   0.000   23.3    45   10.7   23.0    0.00   228    1    100.0   10 
 4/09/14  20:20   13.0   13.0   13.0    98   12.7   0.0   ---   0.00   0.0   ---   13.0   13.2   13.2    ---  1012.5  0.00   0.0     0     0.00      0     0.0  0.00   0.0   0.037   0.000   23.3    45   10.7   23.0    0.00   228    1    100.0   10 
 4/09/14  20:30   13.0   13.0   13.0    98   12.7   0.0   ---   0.00   0.0   ---   13.0   13.2   13.2    ---  1012.5  0.00   0.0     0     0.00      0     0.0  0.00   0.0   0.037   0.000   23.3    44   10.4   22.9    0.00   228    1    100.0   10 
 4/09/14  20:40   13.0   13.0   12.9    98   12.7   0.0   ---   0.00   0.0   ---   13.0   13.2   13.2    ---  1012.5  0.00   0.0     0     0.00      0     0.0  0.00   0.0   0.037   0.000   23.3    44   10.4   22.9    0.00   228    1    100.0   10 
 4/09/14  20:50   12.9   13.0   12.9    98   12.6   0.0   ---   0.00   0.0   ---   12.9   13.1   13.1    ---  1012.5  0.00   0.0     0     0.00      0     0.0  0.00   0.0   0.037   0.000   23.3    44   10.4   22.9    0.00   228    1    100.0   10 
 4/09/14  21:00   12.8   12.9   12.8    99   12.7   0.0   ---   0.00   0.0   ---   12.8   13.1   13.1    ---  1012.5  0.00   0.0     0     0.00      0     0.0  0.00   0.0   0.038   0.000   23.4    44   10.5   23.1    0.00   228    1    100.0   10 
 4/09/14  21:10   12.8   12.8   12.8    99   12.6   0.0   ---   0.00   0.0   ---   12.8   13.0   13.0    ---  1012.5  0.00   0.0     0     0.00      0     0.0  0.00   0.0   0.039   0.000   23.4    44   10.5   23.1    0.00   228    1    100.0   10 
 4/09/14  21:20   12.7   12.8   12.7    99   12.5   0.0   ---   0.00   0.0   ---   12.7   12.9   12.9    ---  1012.5  0.00   0.0     0     0.00      0     0.0  0.00   0.0   0.039   0.000   23.5    44   10.5   23.2    0.00   228    1    100.0   10 
 4/09/14  21:30   12.7   12.7   12.7    99   12.5   0.0   ---   0.00   0.0   ---   12.7   12.9   12.9    ---  1012.5  0.00   0.0     0     0.00      0     0.0  0.00   0.0   0.039   0.000   23.5    44   10.5   23.2    0.00   228    1    100.0   10 
 4/09/14  21:40   12.7   12.7   12.7    99   12.5   0.0   ---   0.00   0.0   ---   12.7   12.9   12.9    ---  1012.5  0.00   0.0     0     0.00      0     0.0  0.00   0.0   0.039   0.000   23.5    43   10.2   23.1    0.00   227    1     99.6   10 
 4/09/14  21:50   12.8   12.8   12.7    99   12.6   0.0   ---   0.00   0.0   ---   12.8   13.0   13.0    ---  1012.6  0.00   0.0     0     0.00      0     0.0  0.00   0.0   0.039   0.000   23.5    43   10.2   23.1    0.00   228    1    100.0   10 
 4/09/14  22:00   12.8   12.8   12.8    99   12.7   0.0   ---   0.00   0.0   ---   12.8   13.1   13.1    ---  1012.9  0.00   0.0     0     0.00      0     0.0  0.00   0.0   0.038   0.000   23.5    43   10.2   23.1    0.00   228    1    100.0   10 
 4/09/14  22:10   12.8   12.8   12.8    99   12.7   0.0   ---   0.00   0.0   ---   12.8   13.1   13.1    ---  1012.9  0.00   0.0     0     0.00      0     0.0  0.00   0.0   0.038   0.000   23.6    43   10.3   23.3    0.00   228    1    100.0   10 
 4/09/14  22:20   12.8   12.8   12.8    99   12.6   0.0   ---   0.00   0.0   ---   12.8   13.0   13.0    ---  1012.8  0.00   0.0     0     0.00      0     0.0  0.00   0.0   0.039   0.000   23.6    43   10.3   23.3    0.00   228    1    100.0   10 
 4/09/14  22:30   12.7   12.8   12.7    99   12.5   0.0   ---   0.00   0.0   ---   12.7   12.9   12.9    ---  1012.9  0.00   0.0     0     0.00      0     0.0  0.00   0.0   0.039   0.000   23.6    43   10.3   23.3    0.00   227    1     99.6   10 
 4/09/14  22:40   12.7   12.7   12.7    99   12.5   0.0   ---   0.00   0.0   ---   12.7   12.9   12.9    ---  1012.9  0.00   0.0     0     0.00      0     0.0  0.00   0.0   0.039   0.000   23.7    43   10.4   23.4    0.00   228    1    100.0   10 
 4/09/14  22:50   12.7   12.7   12.7    99   12.5   0.0   ---   0.00   0.0   ---   12.7   12.9   12.9    ---  1012.9  0.00   0.0     0     0.00      0     0.0  0.00   0.0   0.039   0.000   23.7    43   10.4   23.4    0.00   228    1    100.0   10 
 4/09/14  23:00   12.6   12.7   12.6    99   12.5   0.0   ---   0.00   0.0   ---   12.6   12.8   12.8    ---  1013.0  0.00   0.0     0     0.00      0     0.0  0.00   0.0   0.040   0.000   23.7    43   10.4   23.4    0.00   227    1     99.6   10 
 4/09/14  23:10   12.5   12.6   12.5    99   12.3   0.0   ---   0.00   0.0   ---   12.5   12.7   12.7    ---  1013.0  0.00   0.0     0     0.00      0     0.0  0.00   0.0   0.041   0.000   23.7    43   10.4   23.4    0.00   228    1    100.0   10 
 4/09/14  23:20   12.4   12.5   12.4    99   12.3   4.8    NW   0.80  11.3    NW   12.4   12.7   12.7    ---  1013.1  0.00   0.0     0     0.00      0     0.0  0.00   0.0   0.041   0.000   23.8    43   10.5   23.6    0.00   228    1    100.0   10 
 4/09/14  23:30   12.3   12.4   12.3    99   12.1   3.2    NW   0.54   9.7    NW   12.3   12.5   12.5    ---  1013.0  0.00   0.0     0     0.00      0     0.0  0.00   0.0   0.042   0.000   23.8    43   10.5   23.6    0.00   228    1    100.0   10 
 4/09/14  23:40   12.2   12.3   12.2    99   12.0   3.2    NW   0.54   4.8    NW   12.2   12.4   12.4    ---  1013.0  0.00   0.0     0     0.00      0     0.0  0.00   0.0   0.043   0.000   23.8    42   10.1   23.5    0.00   228    1    100.0   10 
 4/09/14  23:50   12.1   12.2   12.1    99   12.0   0.0    NW   0.00   4.8    NW   12.1   12.3   12.3    ---  1012.8  0.00   0.0     0     0.00      0     0.0  0.00   0.0   0.043   0.000   23.8    42   10.1   23.5    0.00   228    1    100.0   10 
 5/09/14  00:00   12.0   12.1   12.0    99   11.8   0.0   ---   0.00   0.0   ---   12.0   12.2   12.2    ---  1012.9  0.00   0.0     0     0.00      0     0.0  0.00   0.0   0.044   0.000   23.8    42   10.1   23.5    0.00   228    1    100.0   10 
 5/09/14   0:10   11.9   12.0   11.9    99   11.8   0.0   ---   0.00   0.0   ---   11.9   12.2   12.2    ---  1012.9  0.00   0.0     0     0.00      0     0.0  0.00   0.0   0.044   0.000   23.8    42   10.1   23.5    0.00   228    1    100.0   10 
 5/09/14   0:20   11.8   11.9   11.8    99   11.7   0.0   ---   0.00   0.0   ---   11.8   12.1   12.1    ---  1012.7  0.00   0.0     0     0.00      0     0.0  0.00   0.0   0.045   0.000   23.8    42   10.1   23.5    0.00   227    1     99.6   10 
 5/09/14   0:30   11.8   11.8   11.8    99   11.7   0.0   ---   0.00   0.0   ---   11.8   12.1   12.1    ---  1012.6  0.00   0.0     0     0.00      0     0.0  0.00   0.0   0.045   0.000   23.8    42   10.1   23.5    0.00   228    1    100.0   10 
 5/09/14   0:40   11.8   11.8   11.8    99   11.7   0.0   ---   0.00   0.0   ---   11.8   12.1   12.1    ---  1012.6  0.00   0.0     0     0.00      0     0.0  0.00   0.0   0.045   0.000   23.9    42   10.2   23.6    0.00   228    1    100.0   10 
 5/09/14   0:50   11.8   11.8   11.8    99   11.6   0.0   ---   0.00   0.0   ---   11.8   12.0   12.0    ---  1012.9  0.00   0.0     0     0.00      0     0.0  0.00   0.0   0.046   0.000   23.9    42   10.2   23.6    0.00   228    1    100.0   10 
 5/09/14   1:00   11.7   11.8   11.7    99   11.6   0.0   ---   0.00   0.0   ---   11.7   11.9   11.9    ---  1012.9  0.00   0.0     0     0.00      0     0.0  0.00   0.0   0.046   0.000   23.9    42   10.2   23.6    0.00   228    1    100.0   10 
 5/09/14   1:10   11.6   11.7   11.6    99   11.5   0.0   ---   0.00   0.0   ---   11.6   11.8   11.8    ---  1012.9  0.20   0.0     0     0.00      0     0.0  0.00   0.0   0.047   0.000   23.9    42   10.2   23.6    0.00   228    1    100.0   10 
 5/09/14   1:20   11.6   11.6   11.6    99   11.4   0.0   ---   0.00   0.0   ---   11.6   11.8   11.8    ---  1012.9  0.00   0.0     0     0.00      0     0.0  0.00   0.0   0.047   0.000   23.9    42   10.2   23.6    0.00   228    1    100.0   10 
 5/09/14   1:30   11.4   11.6   11.4    99   11.2   4.8    NW   0.80  11.3    NW   11.4   11.6   11.6    ---  1012.8  0.00   0.0     0     0.00      0     0.0  0.00   0.0   0.048   0.000   23.9    41    9.8   23.5    0.00   228    1    100.0   10 
 5/09/14   1:40   11.3   11.4   11.3    99   11.1   4.8   WNW   0.80   9.7   WNW   11.2   11.5   11.4    ---  1012.8  0.00   0.0     0     0.00      0     0.0  0.00   0.0   0.049   0.000   23.9    41    9.8   23.5    0.00   228    1    100.0   10 
 5/09/14   1:50   11.2   11.3   11.2    99   11.1   3.2   WNW   0.54   8.0   WNW   11.2   11.4   11.4    ---  1012.6  0.00   0.0     0     0.00      0     0.0  0.00   0.0   0.049   0.000   24.0    41    9.9   23.6    0.00   228    1    100.0   10 
 5/09/14   2:00   11.1   11.2   11.1   100   11.1   3.2   WNW   0.54   8.0   WNW   11.1   11.4   11.4    ---  1012.4  0.00   0.0     0     0.00      0     0.0  0.00   0.0   0.050   0.000   24.0    41    9.9   23.6    0.00   228    1    100.0   10 
 5/09/14   2:10   11.1   11.1   11.1   100   11.1   1.6   WNW   0.27   4.8   WNW   11.1   11.4   11.4    ---  1012.4  0.00   0.0     0     0.00      0     0.0  0.00   0.0   0.050   0.000   24.0    41    9.9   23.6    0.00   227    1     99.6   10 
 5/09/14   2:20   11.1   11.1   11.1   100   11.1   0.0   ---   0.00   0.0   ---   11.1   11.4   11.4    ---  1011.1  0.00   0.0     0     0.00      0     0.0  0.00   0.0   0.050   0.000   24.0    41    9.9   23.6    0.00   228    1    100.0   10 
 5/09/14   2:30   11.2   11.2   11.1   100   11.2   0.0   ---   0.00   0.0   ---   11.2   11.5   11.5    ---  1011.6  0.00   0.0     0     0.00      0     0.0  0.00   0.0   0.049   0.000   24.0    41    9.9   23.6    0.00   227    1     99.6   10 
 5/09/14   2:40   11.2   11.2   11.2   100   11.2   0.0   ---   0.00   0.0   ---   11.2   11.5   11.5    ---  1011.6  0.00   0.0     0     0.00      0     0.0  0.00   0.0   0.049   0.000   24.0    41    9.9   23.6    0.00   228    1    100.0   10 
 5/09/14   2:50   11.3   11.3   11.2   100   11.3   0.0   ---   0.00   0.0   ---   11.3   11.6   11.6    ---  1011.8  0.00   0.0     0     0.00      0     0.0  0.00   0.0   0.049   0.000   24.0    41    9.9   23.6    0.00   228    1    100.0   10 
 5/09/14   3:00   11.4   11.4   11.3   100   11.4   0.0   ---   0.00   0.0   ---   11.4   11.7   11.7    ---  1011.5  0.00   0.0     0     0.00      0     0.0  0.00   0.0   0.048   0.000   24.0    41    9.9   23.6    0.00   228    1    100.0   10 
 5/09/14   3:10   11.4   11.4   11.4   100   11.4   0.0   ---   0.00   0.0   ---   11.4   11.7   11.7    ---  1011.5  0.00   0.0     0     0.00      0     0.0  0.00   0.0   0.048   0.000   24.0    41    9.9   23.6    0.00   228    1    100.0   10 
 5/09/14   3:20   11.4   11.4   11.4   100   11.4   0.0   ---   0.00   0.0   ---   11.4   11.7   11.7    ---  1011.2  0.00   0.0     0     0.00      0     0.0  0.00   0.0   0.048   0.000   24.0    41    9.9   23.6    0.00   191    1     83.8   10 
 5/09/14   3:30   11.4   11.4   11.4   100   11.4   0.0   ---   0.00   0.0   ---   11.4   11.7   11.7    ---  1010.8  0.00   0.0     0     0.00      0     0.0  0.00   0.0   0.048   0.000   24.0    41    9.9   23.6    0.00   228    1    100.0   10 
 5/09/14   3:40   11.4   11.4   11.4   100   11.4   0.0   ---   0.00   0.0   ---   11.4   11.7   11.7    ---  1010.8  0.00   0.0     0     0.00      0     0.0  0.00   0.0   0.048   0.000   24.0    41    9.9   23.6    0.00   228    1    100.0   10 
 5/09/14   3:50   11.4   11.4   11.4   100   11.4   0.0   ---   0.00   0.0   ---   11.4   11.7   11.7    ---  1011.0  0.00   0.0     0     0.00      0     0.0  0.00   0.0   0.048   0.000   24.1    40    9.7   23.7    0.00   228    1    100.0   10 
 5/09/14   4:00   11.4   11.4   11.4   100   11.4   0.0   ---   0.00   0.0   ---   11.4   11.7   11.7    ---  1011.1  0.00   0.0     0     0.00      0     0.0  0.00   0.0   0.048   0.000   24.1    40    9.7   23.7    0.00   228    1    100.0   10 
 5/09/14   4:10   11.3   11.4   11.3   100   11.3   0.0     S   0.00   8.0     S   11.3   11.6   11.6    ---  1011.1  0.00   0.0     0     0.00      0     0.0  0.00   0.0   0.049   0.000   24.1    40    9.7   23.7    0.00   228    1    100.0   10 
 5/09/14   4:20   11.1   11.3   11.1   100   11.1   0.0     S   0.00   1.6     S   11.1   11.4   11.4    ---  1011.1  0.00   0.0     0     0.00      0     0.0  0.00   0.0   0.050   0.000   24.1    40    9.7   23.7    0.00   228    1    100.0   10 
 5/09/14   4:30   11.1   11.1   11.1   100   11.1   0.0   ---   0.00   0.0   ---   11.1   11.3   11.3    ---  1011.0  0.00   0.0     0     0.00      0     0.0  0.00   0.0   0.051   0.000   24.1    40    9.7   23.7    0.00   228    1    100.0   10 
 5/09/14   4:40   10.9   11.1   10.9   100   10.9   0.0   ---   0.00   0.0   ---   10.9   11.2   11.2    ---  1011.0  0.00   0.0     0     0.00      0     0.0  0.00   0.0   0.051   0.000   24.1    40    9.7   23.7    0.00   228    1    100.0   10 
 5/09/14   4:50   10.9   10.9   10.9   100   10.9   0.0   ---   0.00   0.0   ---   10.9   11.2   11.2    ---  1011.0  0.00   0.0     0     0.00      0     0.0  0.00   0.0   0.052   0.000   24.1    40    9.7   23.7    0.00   228    1    100.0   10 
 5/09/14   5:00   10.6   10.9   10.6   100   10.6   0.0   ---   0.00   0.0   ---   10.6   10.9   10.9    ---  1010.9  0.00   0.0     0     0.00      0     0.0  0.00   0.0   0.054   0.000   24.1    40    9.7   23.7    0.00   228    1    100.0   10 
 5/09/14   5:10   10.4   10.6   10.4   100   10.4   0.0   ---   0.00   0.0   ---   10.4   10.7   10.7    ---  1010.9  0.00   0.0     0     0.00      0     0.0  0.00   0.0   0.055   0.000   24.1    40    9.7   23.7    0.00   228    1    100.0   10 
 5/09/14   5:20   10.3   10.4   10.3   100   10.3   0.0   ---   0.00   0.0   ---   10.3   10.6   10.6    ---  1011.0  0.00   0.0     0     0.00      0     0.0  0.00   0.0   0.056   0.000   24.1    40    9.7   23.7    0.00   228    1    100.0   10 
 5/09/14   5:30   10.3   10.3   10.3   100   10.3   0.0   ---   0.00   0.0   ---   10.3   10.6   10.6    ---  1011.0  0.00   0.0     0     0.00      0     0.0  0.00   0.0   0.056   0.000   24.1    40    9.7   23.7    0.00   228    1    100.0   10 
 5/09/14   5:40   10.2   10.3   10.2   100   10.2   0.0   ---   0.00   0.0   ---   10.2   10.6   10.6    ---  1011.0  0.00   0.0     0     0.00      0     0.0  0.00   0.0   0.056   0.000   24.1    40    9.7   23.7    0.00   228    1    100.0   10 
 5/09/14   5:50   10.2   10.2   10.2   100   10.2   0.0   ---   0.00   0.0   ---   10.2   10.6   10.6    ---  1011.2  0.00   0.0     0     0.00      0     0.0  0.00   0.0   0.056   0.000   24.1    40    9.7   23.7    0.00   228    1    100.0   10 
 5/09/14   6:00   10.4   10.4   10.2   100   10.4   0.0   ---   0.00   0.0   ---   10.4   10.7   10.7    ---  1011.2  0.00   0.0     0     0.00      0     0.0  0.00   0.0   0.055   0.000   24.1    40    9.7   23.7    0.00   228    1    100.0   10 
 5/09/14   6:10   10.4   10.4   10.4   100   10.4   0.0   ---   0.00   0.0   ---   10.4   10.7   10.7    ---  1011.2  0.00   0.0     0     0.00      0     0.0  0.00   0.0   0.055   0.000   24.1    40    9.7   23.7    0.00   228    1    100.0   10 
 5/09/14   6:20   10.4   10.4   10.4   100   10.4   0.0   ---   0.00   0.0   ---   10.4   10.8   10.8    ---  1011.1  0.00   0.0     0     0.00      0     0.0  0.00   0.0   0.055   0.000   24.1    40    9.7   23.7    0.00   228    1    100.0   10 
 5/09/14   6:30   10.4   10.4   10.4   100   10.4   0.0   ---   0.00   0.0   ---   10.4   10.8   10.8    ---  1011.4  0.00   0.0     0     0.00      0     0.0  0.00   0.0   0.055   0.000   24.1    39    9.3   23.6    0.00   228    1    100.0   10 
 5/09/14   6:40   10.4   10.4   10.4   100   10.4   0.0   ---   0.00   0.0   ---   10.4   10.8   10.8    ---  1011.4  0.00   0.0     0     0.00      0     0.0  0.00   0.0   0.055   0.000   24.1    39    9.3   23.6    0.00   228    1    100.0   10 
 5/09/14   6:50   10.4   10.4   10.4   100   10.4   0.0   ---   0.00   0.0   ---   10.4   10.7   10.7    ---  1011.4  0.00   0.0     0     0.00      0     0.0  0.00   0.0   0.055   0.000   24.1    39    9.3   23.6    0.00   228    1    100.0   10 
 5/09/14   7:00   10.4   10.4   10.4   100   10.4   0.0   ---   0.00   0.0   ---   10.4   10.8   10.8    ---  1011.5  0.00   0.0     0     0.00      0     0.0  0.00   0.0   0.055   0.000   24.1    39    9.3   23.6    0.00   226    1     99.1   10 
 5/09/14   7:10   10.4   10.4   10.4   100   10.4   0.0   ---   0.00   0.0   ---   10.4   10.8   10.8    ---  1011.5  0.00   0.0     0     0.00      0     0.0  0.00   0.0   0.055   0.000   24.1    39    9.3   23.6    0.00   227    1     99.6   10 
 5/09/14   7:20   10.4   10.4   10.4   100   10.4   0.0   ---   0.00   0.0   ---   10.4   10.8   10.8    ---  1011.7  0.00   0.0     0     0.00      0     0.0  0.00   0.0   0.055   0.000   24.1    39    9.3   23.6    0.00   226    1     99.1   10 
 5/09/14   7:30   10.4   10.4   10.4   100   10.4   3.2   SSW   0.54  12.9    SW   10.4   10.8   10.8    ---  1012.1  0.00   0.0     0     0.00      0     0.0  0.00   0.0   0.055   0.000   24.2    39    9.4   23.7    0.00   228    1    100.0   10 
 5/09/14   7:40   10.4   10.4   10.4   100   10.4   1.6   SSW   0.27   9.7    SW   10.4   10.8   10.8    ---  1012.1  0.00   0.0     0     0.00      0     0.0  0.00   0.0   0.055   0.000   24.2    39    9.4   23.7    0.00   227    1     99.6   10 
 5/09/14   7:50   10.3   10.4   10.3   100   10.3   0.0   ---   0.00   0.0   ---   10.3   10.6   10.6    ---  1012.1  0.00   0.0     0     0.00      0     0.0  0.00   0.0   0.056   0.000   24.2    39    9.4   23.7    0.00   227    1     99.6   10 
 5/09/14   8:00   10.3   10.3   10.3   100   10.3   0.0   ---   0.00   0.0   ---   10.3   10.6   10.6    ---  1012.0  0.00   0.0     0     0.00      0     0.0  0.00   0.0   0.056   0.000   24.2    39    9.4   23.7    0.00   228    1    100.0   10 
 5/09/14   8:10   10.1   10.3   10.1   100   10.1   0.0   ---   0.00   0.0   ---   10.1   10.5   10.5    ---  1012.0  0.00   0.0     0     0.00      0     0.0  0.00   0.0   0.057   0.000   24.1    39    9.3   23.6    0.00   228    1    100.0   10 
 5/09/14   8:20   10.1   10.1   10.1   100   10.1   0.0   ---   0.00   0.0   ---   10.1   10.4   10.4    ---  1012.2  0.00   0.0     6     0.09      9     0.0  0.00   0.0   0.057   0.000   24.0    39    9.2   23.5    0.00   228    1    100.0   10 
 5/09/14   8:30    9.9   10.1    9.9   100    9.9   0.0   ---   0.00   0.0   ---    9.9   10.3   10.3    ---  1012.6  0.00   0.0     8     0.11      9     0.0  0.00   0.0   0.058   0.000   24.0    40    9.6   23.6    0.00   228    1    100.0   10 
 5/09/14   8:40   10.3   10.3    9.9   100   10.3   0.0   ---   0.00   0.0   ---   10.3   10.6   10.6    ---  1012.6  0.00   0.0     1     0.01      7     0.0  0.00   0.0   0.056   0.000   24.1    40    9.7   23.7    0.00   228    1    100.0   10 
 5/09/14   8:50   10.4   10.4   10.3   100   10.4   0.0   ---   0.00   0.0   ---   10.4   10.8   10.8    ---  1012.9  0.00   0.0     0     0.00      0     0.0  0.00   0.0   0.055   0.000   23.7    40    9.3   23.3    0.00   228    1    100.0   10 
 5/09/14   9:00   10.6   10.6   10.4   100   10.6   0.0   ---   0.00   0.0   ---   10.6   10.9   10.9    ---  1013.1  0.00   0.0     2     0.03      5     0.0  0.00   0.0   0.054   0.000   23.6    40    9.2   23.1    0.00   228    1    100.0   10 
 5/09/14   9:10   10.6   10.6   10.6   100   10.6   0.0   ---   0.00   0.0   ---   10.6   10.9   10.9    ---  1013.1  0.00   0.0     7     0.10      9     0.0  0.00   0.0   0.054   0.000   23.3    40    9.0   22.8    0.00   228    1    100.0   10 
 5/09/14   9:20   10.6   10.6   10.6   100   10.6   0.0   ---   0.00   0.0   ---   10.6   10.9   10.9    ---  1013.2  0.00   0.0    10     0.14     11     0.0  0.00   0.0   0.054   0.000   23.1    41    9.1   22.5    0.00   228    1    100.0   10 
 5/09/14   9:30   10.6   10.6   10.6   100   10.6   0.0   ---   0.00   0.0   ---   10.6   10.9   10.9    ---  1012.8  0.00   0.0    11     0.16     14     0.0  0.00   0.0   0.054   0.000   23.5    42    9.8   23.1    0.00   228    1    100.0   10 
 5/09/14   9:40   10.7   10.7   10.6   100   10.7   0.0   ---   0.00   0.0   ---   10.7   11.1   11.1    ---  1012.8  0.00   0.0    15     0.22     16     0.0  0.00   0.0   0.053   0.000   24.1    42   10.4   23.8    0.00   228    1    100.0   10 
 5/09/14   9:50   10.6   10.7   10.6   100   10.6   0.0   ---   0.00   0.0   ---   10.6   10.9   10.9    ---  1012.7  0.00   0.0    10     0.14     12     0.0  0.00   0.0   0.054   0.000   24.5    41   10.4   24.1    0.00   228    1    100.0   10 
 5/09/14  10:00   10.6   10.6   10.6   100   10.6   0.0   ---   0.00   0.0   ---   10.6   10.9   10.9    ---  1012.8  0.00   0.0     3     0.04      7     0.0  0.00   0.0   0.054   0.000   24.7    40   10.2   24.2    0.00   227    1     99.6   10 
 5/09/14  10:10   10.6   10.6   10.6   100   10.6   0.0   ---   0.00   0.0   ---   10.6   10.9   10.9    ---  1012.8  0.40   2.0     0     0.00      0     0.0  0.00   0.0   0.054   0.000   24.7    39    9.8   24.2    0.00   228    1    100.0   10 
 5/09/14  10:20   10.6   10.6   10.6   100   10.6   0.0   ---   0.00   0.0   ---   10.6   10.9   10.9    ---  1012.5  0.60   4.6     6     0.09      9     0.0  0.00   0.0   0.054   0.000   24.6    39    9.7   24.1    0.00   228    1    100.0   10 
 5/09/14  10:30   10.6   10.6   10.6   100   10.6   0.0   ---   0.00   0.0   ---   10.6   10.9   10.9    ---  1012.6  0.20   4.6    13     0.19     16     0.0  0.00   0.0   0.054   0.000   24.8    39    9.9   24.3    0.00   228    1    100.0   10 
 5/09/14  10:40   10.7   10.7   10.6   100   10.7   0.0   ---   0.00   0.0   ---   10.7   11.1   11.1    ---  1012.6  0.80   4.8    19     0.27     21     0.0  0.00   0.0   0.053   0.000   25.0    39   10.1   24.6    0.00   228    1    100.0   10 
 5/09/14  10:50   10.7   10.7   10.7   100   10.7   0.0   ---   0.00   0.0   ---   10.7   11.1   11.1    ---  1012.2  0.20   4.8    18     0.26     25     0.0  0.00   0.0   0.053   0.000   25.1    39   10.2   24.6    0.00   228    1    100.0   10 
 5/09/14  11:00   10.8   10.8   10.7   100   10.8   4.8   SSE   0.80  14.5   SSE   10.7   11.1   11.0    ---  1011.5  0.40   2.2    24     0.34     25     0.0  0.00   0.0   0.052   0.000   24.9    39   10.0   24.4    0.00   228    1    100.0   10 
 5/09/14  11:10   10.7   10.8   10.7   100   10.7   4.8   SSE   0.80  16.1   SSE   10.6   11.1   10.9    ---  1011.5  0.20   1.8    29     0.42     35     0.0  0.00   0.0   0.053   0.000   24.8    39    9.9   24.3    0.00   228    1    100.0   10 
 5/09/14  11:20   10.7   10.7   10.7   100   10.7   6.4   SSW   1.07  17.7   SSW   10.2   11.1   10.6    ---  1011.3  0.20   2.0    28     0.40     33     0.0  0.00   0.0   0.053   0.000   24.8    39    9.9   24.3    0.00   228    1    100.0   10 
 5/09/14  11:30   10.9   10.9   10.7   100   10.9   6.4    SW   1.07  14.5    SW   10.4   11.2   10.7    ---  1012.0  0.00   0.0    24     0.34     26     0.0  0.00   0.0   0.052   0.000   24.8    38    9.5   24.3    0.00   228    1    100.0   10 
 5/09/14  11:40   10.8   10.9   10.8   100   10.8   8.0    SW   1.34  14.5    SW    9.9   11.1   10.3    ---  1012.0  0.20   0.0    18     0.26     26     0.0  0.00   0.0   0.052   0.000   24.8    39    9.9   24.3    0.00   228    1    100.0   10 
 5/09/14  11:50   10.9   10.9   10.8   100   10.9   4.8    SW   0.80  12.9   WSW   10.8   11.2   11.1    ---  1012.2  0.20   1.0    21     0.30     23     0.0  0.00   0.0   0.052   0.000   24.8    39    9.9   24.3    0.00   228    1    100.0   10 
 5/09/14  12:00   10.9   10.9   10.9   100   10.9   0.0   ---   0.00   0.0   ---   10.9   11.2   11.2    ---  1012.7  0.20   1.4    20     0.29     21     0.0  0.00   0.0   0.052   0.000   24.8    40   10.3   24.3    0.00   228    1    100.0   10 
 5/09/14  12:10   10.9   10.9   10.9   100   10.9   0.0   ---   0.00   0.0   ---   10.9   11.2   11.2    ---  1012.7  0.60   4.6    16     0.23     18     0.0  0.00   0.0   0.052   0.000   24.8    39    9.9   24.3    0.00   228    1    100.0   10 
 5/09/14  12:20   10.9   10.9   10.8   100   10.9   0.0   ---   0.00   0.0   ---   10.9   11.2   11.2    ---  1012.8  0.60   4.6    18     0.26     19     0.0  0.00   0.0   0.052   0.000   24.6    39    9.7   24.1    0.00   228    1    100.0   10 
 5/09/14  12:30   10.9   10.9   10.9   100   10.9   0.0   ---   0.00   0.0   ---   10.9   11.2   11.2    ---  1013.1  0.40   3.2    14     0.20     19     0.0  0.00   0.0   0.051   0.000   23.9    39    9.1   23.4    0.00   228    1    100.0   10 
 5/09/14  12:40   10.9   10.9   10.9   100   10.9   0.0   ---   0.00   0.0   ---   10.9   11.2   11.2    ---  1013.1  0.40   3.4    16     0.23     18     0.0  0.00   0.0   0.051   0.000   23.9    40    9.5   23.4    0.00   228    1    100.0   10 
 5/09/14  12:50   10.9   10.9   10.9   100   10.9   0.0   ---   0.00   0.0   ---   10.9   11.2   11.2    ---  1013.1  0.80   4.4    12     0.17     14     0.0  0.00   0.0   0.051   0.000   24.1    40    9.7   23.7    0.00   228    1    100.0   10 
 5/09/14  13:00   10.9   10.9   10.9   100   10.9   0.0   ---   0.00   0.0   ---   10.9   11.2   11.2    ---  1012.6  0.40   3.8    21     0.30     39     0.0  0.00   0.0   0.051   0.000   23.9    39    9.1   23.4    0.00   228    1    100.0   10 
 5/09/14  13:10   11.1   11.1   10.9   100   11.1   0.0   ---   0.00   0.0   ---   11.1   11.3   11.3    ---  1012.6  0.60   3.2    53     0.76     70     0.2  0.01   0.9   0.051   0.000   23.9    40    9.5   23.4    0.00   228    1    100.0   10 
 5/09/14  13:20   11.1   11.1   11.1   100   11.1   0.0   ---   0.00   0.0   ---   11.1   11.4   11.4    ---  1012.7  0.40   3.2    68     0.97     77     0.9  0.06   1.0   0.050   0.000   23.8    41    9.8   23.4    0.00   227    1     99.6   10 
 5/09/14  13:30   11.2   11.2   11.1   100   11.2   0.0   ---   0.00   0.0   ---   11.2   11.5   11.5    ---  1012.9  0.40   2.8    51     0.73     58     0.8  0.06   0.8   0.049   0.000   24.0    42   10.3   23.7    0.00   227    1     99.6   10 
 5/09/14  13:40   11.1   11.2   11.1   100   11.1   0.0   ---   0.00   0.0   ---   11.1   11.4   11.4    ---  1012.9  0.40   3.0    50     0.72     56     0.7  0.05   0.8   0.050   0.000   24.2    41   10.1   23.8    0.00   228    1    100.0   10 
 5/09/14  13:50   11.2   11.2   11.1   100   11.2   0.0   ---   0.00   0.0   ---   11.2   11.5   11.5    ---  1012.5  0.60   4.0    64     0.92     72     0.9  0.06   0.9   0.049   0.000   24.3    41   10.2   23.8    0.00   228    1    100.0   10 
 5/09/14  14:00   11.3   11.3   11.2   100   11.3   0.0   ---   0.00   0.0   ---   11.3   11.6   11.6    ---  1012.2  0.00   1.0    61     0.87     70     0.8  0.06   0.9   0.049   0.000   24.4    41   10.3   23.9    0.03   228    1    100.0   10 
 5/09/14  14:10   11.1   11.3   11.1   100   11.1   4.8   WSW   0.80  12.9   WSW   11.1   11.4   11.3    ---  1012.2  0.20   2.0    38     0.54     48     0.6  0.04   0.7   0.050   0.000   24.4    41   10.3   23.9    0.00   228    1    100.0   10 
 5/09/14  14:20   11.2   11.2   11.1   100   11.2   4.8   SSW   0.80   9.7   SSW   11.2   11.5   11.4    ---  1012.3  0.40   2.8    45     0.65     49     0.7  0.05   0.7   0.049   0.000   24.5    40   10.0   24.0    0.00   227    1     99.6   10 
 5/09/14  14:30   11.4   11.4   11.2   100   11.4   4.8   WSW   0.80  11.3   WSW   11.4   11.7   11.7    ---  1012.5  0.60   4.2    45     0.65     48     0.7  0.05   0.7   0.048   0.000   24.4    40    9.9   23.9    0.00   227    1     99.6   10 
 5/09/14  14:40   11.4   11.4   11.3   100   11.4   4.8   WSW   0.80   9.7   WSW   11.4   11.7   11.7    ---  1012.5  0.40   5.4    36     0.52     44     0.6  0.04   0.7   0.048   0.000   24.5    40   10.0   24.0    0.00   228    1    100.0   10 
 5/09/14  14:50    9.8   11.4    9.8   100    9.8  17.7   WSW   2.95  40.2   WSW    6.8   10.2    7.2    ---  1012.6  0.80  12.4    33     0.47     44     0.6  0.04   0.7   0.059   0.000   24.3    40    9.8   23.8    0.00   228    1    100.0   10 
 5/09/14  15:00    9.5    9.7    9.4   100    9.5  22.5    SW   3.76  40.2    SW    5.8    9.8    6.2    ---  1012.7  0.20   2.8    47     0.67     55     0.6  0.04   0.7   0.061   0.000   23.8    38    8.7   23.3    0.03   227    1     99.6   10 
 5/09/14  15:10    9.6    9.6    9.5   100    9.6  12.9   SSW   2.15  32.2    SW    7.5    9.9    7.8    ---  1012.7  0.20   1.4    46     0.66     49     0.6  0.04   0.6   0.061   0.000   23.5    38    8.4   22.9    0.00   228    1    100.0   10 
 5/09/14  15:20    9.6    9.6    9.6   100    9.6  14.5   WSW   2.41  29.0   WSW    7.2    9.9    7.5    ---  1012.6  0.20   1.4    35     0.50     40     0.5  0.04   0.6   0.061   0.000   23.3    39    8.6   22.8    0.00   228    1    100.0   10 
 5/09/14  15:30    9.5    9.6    9.5   100    9.5  16.1    SW   2.68  32.2   WSW    6.8    9.8    7.1    ---  1012.4  0.20   1.8    35     0.50     42     0.1  0.01   0.5   0.061   0.000   23.6    39    8.8   23.1    0.00   228    1    100.0   10 
 5/09/14  15:40    9.6    9.6    9.5   100    9.6  16.1   SSW   2.68  25.7   SSW    6.8    9.9    7.2    ---  1012.4  0.00   0.0    48     0.69     51     0.0  0.00   0.0   0.061   0.000   23.7    38    8.6   23.2    0.00   228    1    100.0   10 
 5/09/14  15:50    9.7    9.7    9.6    99    9.5  14.5   SSW   2.41  27.4   SSW    7.3   10.0    7.7    ---  1012.3  0.20   0.0    42     0.60     44     0.0  0.00   0.0   0.060   0.000   23.7    39    8.9   23.2    0.00   228    1    100.0   10 
 5/09/14  16:00    9.7    9.7    9.7    99    9.6  11.3   SSW   1.88  25.7   SSW    8.1   10.1    8.4    ---  1011.4  0.00   0.0    44     0.63     44     0.0  0.00   0.0   0.060   0.000   23.5    38    8.4   22.9    0.03   227    1     99.6   10 
 5/09/14  16:10    9.7    9.7    9.7    98    9.4   8.0    SE   1.34  27.4   SSE    8.7   10.1    9.0    ---  1011.4  0.00   0.0    40     0.57     40     0.0  0.00   0.0   0.060   0.000   23.9    38    8.7   23.3    0.00   228    1    100.0   10 
 5/09/14  16:20    9.7    9.8    9.7    98    9.4   0.0   ---   0.00   0.0   ---    9.7   10.1   10.1    ---  1011.7  0.00   0.0    42     0.60     44     0.0  0.00   0.0   0.060   0.000   24.2    38    9.0   23.7    0.00   228    1    100.0   10 
 5/09/14  16:30    9.8    9.8    9.7    98    9.5   1.6   ESE   0.27  14.5   ESE    9.8   10.1   10.1    ---  1011.3  0.00   0.0    44     0.63     44     0.0  0.00   0.0   0.059   0.000   24.3    38    9.0   23.7    0.00   228    1    100.0   10 
 5/09/14  16:40    9.8    9.8    9.7    97    9.3   0.0   ---   0.00   0.0   ---    9.8   10.1   10.1    ---  1011.3  0.00   0.0    41     0.59     42     0.0  0.00   0.0   0.059   0.000   24.2    38    9.0   23.7    0.00   228    1    100.0   10 
 5/09/14  16:50    9.9    9.9    9.8    97    9.4   0.0   ---   0.00   0.0   ---    9.9   10.2   10.2    ---  1011.2  0.00   0.0    43     0.62     44     0.0  0.00   0.0   0.059   0.000   24.2    37    8.6   23.6    0.00   228    1    100.0   10 
 5/09/14  17:00    9.9    9.9    9.9    97    9.4   6.4   WSW   1.07  19.3   WSW    9.3   10.2    9.6    ---  1011.7  0.00   0.0    48     0.69     49     0.0  0.00   0.0   0.059   0.000   24.1    37    8.5   23.5    0.03   228    1    100.0   10 
 5/09/14  17:10    9.9    9.9    9.9    96    9.3   4.8    SW   0.80  16.1   WSW    9.8   10.2   10.1    ---  1011.7  0.00   0.0    46     0.66     48     0.0  0.00   0.0   0.058   0.000   24.0    37    8.4   23.4    0.00   228    1    100.0   10 
 5/09/14  17:20   10.1   10.1    9.9    96    9.4   0.0   ---   0.00   0.0   ---   10.1   10.3   10.3    ---  1011.7  0.00   0.0    36     0.52     44     0.0  0.00   0.0   0.057   0.000   24.0    37    8.4   23.4    0.00   228    1    100.0   10 
 5/09/14  17:30   10.1   10.1    9.9    96    9.4   0.0   ---   0.00   0.0   ---   10.1   10.3   10.3    ---  1011.8  0.00   0.0    32     0.46     33     0.0  0.00   0.0   0.057   0.000   23.9    37    8.3   23.3    0.00   227    1     99.6   10 
 5/09/14  17:40    9.9   10.1    9.9    95    9.2   0.0   ---   0.00   0.0   ---    9.9   10.2   10.2    ---  1011.8  0.00   0.0    26     0.37     28     0.0  0.00   0.0   0.058   0.000   23.9    37    8.3   23.3    0.00   228    1    100.0   10 
 5/09/14  17:50    9.9    9.9    9.9    95    9.2   0.0   ---   0.00   0.0   ---    9.9   10.2   10.2    ---  1012.2  0.00   0.0    31     0.44     33     0.0  0.00   0.0   0.058   0.000   23.9    37    8.3   23.3    0.00   228    1    100.0   10 
 5/09/14  18:00   10.1   10.2    9.9    94    9.2   0.0   ---   0.00   0.0   ---   10.1   10.3   10.3    ---  1012.4  0.00   0.0    35     0.50     35     0.0  0.00   0.0   0.057   0.000   23.9    37    8.3   23.3    0.03   226    1     99.1   10 
 5/09/14  18:10   10.1   10.1   10.1    93    9.0   0.0   ---   0.00   0.0   ---   10.1   10.3   10.3    ---  1012.4  0.00   0.0    33     0.47     35     0.0  0.00   0.0   0.057   0.000   23.9    37    8.3   23.3    0.00   228    1    100.0   10 
 5/09/14  18:20   10.1   10.2   10.1    91    8.7   0.0   ---   0.00   0.0   ---   10.1   10.3   10.3    ---  1012.5  0.00   0.0    31     0.44     33     0.0  0.00   0.0   0.057   0.000   23.9    37    8.3   23.3    0.00   228    1    100.0   10 
 5/09/14  18:30   10.2   10.2   10.1    90    8.7   0.0   ---   0.00   0.0   ---   10.2   10.4   10.4    ---  1012.6  0.00   0.0    28     0.40     33     0.0  0.00   0.0   0.056   0.000   23.9    37    8.3   23.3    0.00   228    1    100.0   10 
 5/09/14  18:40   10.2   10.3   10.2    89    8.5   0.0   ---   0.00   0.0   ---   10.2   10.3   10.3    ---  1012.6  0.00   0.0    12     0.17     16     0.0  0.00   0.0   0.056   0.000   24.0    37    8.4   23.4    0.00   227    1     99.6   10 
 5/09/14  18:50   10.2   10.3   10.2    88    8.3   0.0   ---   0.00   0.0   ---   10.2   10.3   10.3    ---  1012.3  0.00   0.0     6     0.09      7     0.0  0.00   0.0   0.056   0.000   24.0    37    8.4   23.4    0.00   228    1    100.0   10 
 5/09/14  19:00    9.9   10.2    9.9    88    8.0   0.0   ---   0.00   0.0   ---    9.9   10.1   10.1    ---  1012.3  0.00   0.0     0     0.00      5     0.0  0.00   0.0   0.058   0.000   24.0    37    8.4   23.4    0.00   228    1    100.0   10 
 5/09/14  19:10    9.8    9.9    9.8    88    7.9   0.0   ---   0.00   0.0   ---    9.8    9.9    9.9    ---  1012.3  0.00   0.0     0     0.00      0     0.0  0.00   0.0   0.059   0.000   24.0    37    8.4   23.4    0.00   228    1    100.0   10 
 5/09/14  19:20    9.7    9.8    9.7    88    7.8   0.0   ---   0.00   0.0   ---    9.7    9.8    9.8    ---  1012.3  0.00   0.0     0     0.00      0     0.0  0.00   0.0   0.060   0.000   24.0    37    8.4   23.4    0.00   191    1     83.8   10 
 5/09/14  19:30    9.7    9.7    9.7    88    7.8   0.0   ---   0.00   0.0   ---    9.7    9.8    9.8    ---  1012.7  0.00   0.0     0     0.00      0     0.0  0.00   0.0   0.060   0.000   24.0    37    8.4   23.4    0.00   228    1    100.0   10 
 5/09/14  19:40    9.8    9.8    9.7    88    7.9   0.0   ---   0.00   0.0   ---    9.8    9.9    9.9    ---  1012.7  0.00   0.0     0     0.00      0     0.0  0.00   0.0   0.059   0.000   23.9    37    8.3   23.3    0.00   228    1    100.0   10 
 5/09/14  19:50    9.7    9.8    9.7    89    7.9   0.0   ---   0.00   0.0   ---    9.7    9.8    9.8    ---  1012.8  0.00   0.0     0     0.00      0     0.0  0.00   0.0   0.060   0.000   23.9    37    8.3   23.3    0.00   228    1    100.0   10 
 5/09/14  20:00    9.3    9.7    9.3    89    7.6   0.0   ---   0.00   0.0   ---    9.3    9.4    9.4    ---  1012.5  0.00   0.0     0     0.00      0     0.0  0.00   0.0   0.063   0.000   23.9    37    8.3   23.3    0.00   228    1    100.0   10 
 5/09/14  20:10    8.9    9.3    8.9    91    7.5   0.0   ---   0.00   0.0   ---    8.9    9.0    9.0    ---  1012.5  0.00   0.0     0     0.00      0     0.0  0.00   0.0   0.066   0.000   23.9    37    8.3   23.3    0.00   226    1     99.1   10 
 5/09/14  20:20    9.0    9.0    8.9    92    7.8   0.0   ---   0.00   0.0   ---    9.0    9.2    9.2    ---  1012.8  0.00   0.0     0     0.00      0     0.0  0.00   0.0   0.065   0.000   23.9    37    8.3   23.3    0.00   227    1     99.6   10 
 5/09/14  20:30    8.8    9.0    8.8    92    7.6   0.0   ---   0.00   0.0   ---    8.8    9.0    9.0    ---  1012.8  0.00   0.0     0     0.00      0     0.0  0.00   0.0   0.066   0.000   23.9    37    8.3   23.3    0.00   228    1    100.0   10 
 5/09/14  20:40    8.7    8.8    8.7    93    7.6   0.0   ---   0.00   0.0   ---    8.7    8.8    8.8    ---  1012.8  0.00   0.0     0     0.00      0     0.0  0.00   0.0   0.067   0.000   24.0    37    8.4   23.4    0.00   228    1    100.0   10 
 5/09/14  20:50    8.5    8.7    8.5    93    7.4   0.0   ---   0.00   0.0   ---    8.5    8.7    8.7    ---  1012.8  0.00   0.0     0     0.00      0     0.0  0.00   0.0   0.068   0.000   24.0    37    8.4   23.4    0.00   228    1    100.0   10 
 5/09/14  21:00    8.5    8.5    8.4    94    7.6   0.0   ---   0.00   0.0   ---    8.5    8.7    8.7    ---  1012.8  0.00   0.0     0     0.00      0     0.0  0.00   0.0   0.068   0.000   24.0    37    8.4   23.4    0.00   228    1    100.0   10 
 5/09/14  21:10    8.6    8.6    8.6    94    7.6   0.0   ---   0.00   0.0   ---    8.6    8.7    8.7    ---  1012.8  0.00   0.0     0     0.00      0     0.0  0.00   0.0   0.068   0.000   23.9    37    8.3   23.3    0.00   228    1    100.0   10 
 5/09/14  21:20    8.5    8.6    8.5    95    7.7   0.0   ---   0.00   0.0   ---    8.5    8.7    8.7    ---  1013.1  0.00   0.0     0     0.00      0     0.0  0.00   0.0   0.068   0.000   23.9    37    8.3   23.3    0.00   228    1    100.0   10 
 5/09/14  21:30    8.4    8.5    8.4    95    7.6   0.0   ---   0.00   0.0   ---    8.4    8.6    8.6    ---  1012.9  0.00   0.0     0     0.00      0     0.0  0.00   0.0   0.069   0.000   23.9    37    8.3   23.3    0.00   228    1    100.0   10 
 5/09/14  21:40    8.6    8.6    8.5    95    7.8   0.0   ---   0.00   0.0   ---    8.6    8.7    8.7    ---  1012.9  0.00   0.0     0     0.00      0     0.0  0.00   0.0   0.068   0.000   23.9    37    8.3   23.3    0.00   228    1    100.0   10 
 5/09/14  21:50    8.8    8.8    8.6    96    8.2   0.0   ---   0.00   0.0   ---    8.8    9.1    9.1    ---  1012.9  0.00   0.0     0     0.00      0     0.0  0.00   0.0   0.066   0.000   23.9    37    8.3   23.3    0.00   227    1     99.6   10 
 5/09/14  22:00    8.9    8.9    8.8    96    8.3   0.0   ---   0.00   0.0   ---    8.9    9.1    9.1    ---  1012.9  0.00   0.0     0     0.00      0     0.0  0.00   0.0   0.066   0.000   23.9    37    8.3   23.3    0.00   228    1    100.0   10 
 5/09/14  22:10    8.9    8.9    8.9    96    8.3   0.0   ---   0.00   0.0   ---    8.9    9.1    9.1    ---  1012.9  0.00   0.0     0     0.00      0     0.0  0.00   0.0   0.066   0.000   23.9    37    8.3   23.3    0.00   228    1    100.0   10 
 5/09/14  22:20    8.7    8.9    8.7    96    8.1   0.0   ---   0.00   0.0   ---    8.7    8.9    8.9    ---  1013.1  0.00   0.0     0     0.00      0     0.0  0.00   0.0   0.067   0.000   23.9    37    8.3   23.3    0.00   228    1    100.0   10 
 5/09/14  22:30    8.8    8.8    8.7    96    8.2   0.0   ---   0.00   0.0   ---    8.8    9.1    9.1    ---  1013.2  0.00   0.0     0     0.00      0     0.0  0.00   0.0   0.066   0.000   23.9    37    8.3   23.3    0.00   228    1    100.0   10 
 5/09/14  22:40    8.7    8.8    8.7    96    8.1   0.0   WNW   0.00   9.7   WNW    8.7    8.9    8.9    ---  1013.2  0.00   0.0     0     0.00      0     0.0  0.00   0.0   0.067   0.000   23.9    37    8.3   23.3    0.00   227    1     99.6   10 
 5/09/14  22:50    8.7    8.7    8.7    96    8.1   0.0   ---   0.00   0.0   ---    8.7    8.9    8.9    ---  1013.0  0.00   0.0     0     0.00      0     0.0  0.00   0.0   0.067   0.000   23.9    37    8.3   23.3    0.00   228    1    100.0   10 
